{
 "cells": [
  {
   "cell_type": "code",
   "execution_count": 3,
   "metadata": {},
   "outputs": [],
   "source": [
    "import matplotlib.pyplot as plt\n",
    "import pandas as pd\n",
    "import matplotlib.pyplot as plt\n",
    "import numpy as np\n",
    "import seaborn as sns\n",
    "import scipy.stats as stats"
   ]
  },
  {
   "cell_type": "code",
   "execution_count": 4,
   "metadata": {},
   "outputs": [
    {
     "data": {
      "text/html": [
       "<div>\n",
       "<style scoped>\n",
       "    .dataframe tbody tr th:only-of-type {\n",
       "        vertical-align: middle;\n",
       "    }\n",
       "\n",
       "    .dataframe tbody tr th {\n",
       "        vertical-align: top;\n",
       "    }\n",
       "\n",
       "    .dataframe thead th {\n",
       "        text-align: right;\n",
       "    }\n",
       "</style>\n",
       "<table border=\"1\" class=\"dataframe\">\n",
       "  <thead>\n",
       "    <tr style=\"text-align: right;\">\n",
       "      <th></th>\n",
       "      <th>OMI</th>\n",
       "      <th>OME</th>\n",
       "      <th>VAT</th>\n",
       "      <th>CAP</th>\n",
       "      <th>AEA</th>\n",
       "      <th>ATE</th>\n",
       "      <th>MRE</th>\n",
       "      <th>ELA</th>\n",
       "      <th>ORG</th>\n",
       "      <th>PCR</th>\n",
       "      <th>ARE</th>\n",
       "      <th>TAE</th>\n",
       "      <th>RES</th>\n",
       "    </tr>\n",
       "  </thead>\n",
       "  <tbody>\n",
       "    <tr>\n",
       "      <th>0</th>\n",
       "      <td>4.5</td>\n",
       "      <td>4.5</td>\n",
       "      <td>5.17</td>\n",
       "      <td>3.00</td>\n",
       "      <td>4.75</td>\n",
       "      <td>2.6</td>\n",
       "      <td>3.2</td>\n",
       "      <td>4.0</td>\n",
       "      <td>3.00</td>\n",
       "      <td>5.0</td>\n",
       "      <td>5.0</td>\n",
       "      <td>4.0</td>\n",
       "      <td>4.6</td>\n",
       "    </tr>\n",
       "    <tr>\n",
       "      <th>1</th>\n",
       "      <td>4.5</td>\n",
       "      <td>4.0</td>\n",
       "      <td>4.83</td>\n",
       "      <td>4.67</td>\n",
       "      <td>4.50</td>\n",
       "      <td>5.0</td>\n",
       "      <td>5.2</td>\n",
       "      <td>6.0</td>\n",
       "      <td>6.67</td>\n",
       "      <td>7.0</td>\n",
       "      <td>3.8</td>\n",
       "      <td>5.0</td>\n",
       "      <td>4.6</td>\n",
       "    </tr>\n",
       "    <tr>\n",
       "      <th>2</th>\n",
       "      <td>7.0</td>\n",
       "      <td>3.5</td>\n",
       "      <td>6.17</td>\n",
       "      <td>6.33</td>\n",
       "      <td>6.75</td>\n",
       "      <td>3.4</td>\n",
       "      <td>6.8</td>\n",
       "      <td>7.0</td>\n",
       "      <td>6.33</td>\n",
       "      <td>7.0</td>\n",
       "      <td>6.6</td>\n",
       "      <td>7.0</td>\n",
       "      <td>6.4</td>\n",
       "    </tr>\n",
       "    <tr>\n",
       "      <th>3</th>\n",
       "      <td>5.5</td>\n",
       "      <td>5.5</td>\n",
       "      <td>6.17</td>\n",
       "      <td>4.67</td>\n",
       "      <td>5.50</td>\n",
       "      <td>4.0</td>\n",
       "      <td>5.2</td>\n",
       "      <td>6.5</td>\n",
       "      <td>4.67</td>\n",
       "      <td>7.0</td>\n",
       "      <td>5.0</td>\n",
       "      <td>6.0</td>\n",
       "      <td>5.8</td>\n",
       "    </tr>\n",
       "    <tr>\n",
       "      <th>4</th>\n",
       "      <td>6.0</td>\n",
       "      <td>7.0</td>\n",
       "      <td>7.00</td>\n",
       "      <td>5.00</td>\n",
       "      <td>7.00</td>\n",
       "      <td>3.8</td>\n",
       "      <td>4.6</td>\n",
       "      <td>7.0</td>\n",
       "      <td>6.33</td>\n",
       "      <td>7.0</td>\n",
       "      <td>6.4</td>\n",
       "      <td>5.0</td>\n",
       "      <td>7.0</td>\n",
       "    </tr>\n",
       "  </tbody>\n",
       "</table>\n",
       "</div>"
      ],
      "text/plain": [
       "   OMI  OME   VAT   CAP   AEA  ATE  MRE  ELA   ORG  PCR  ARE  TAE  RES\n",
       "0  4.5  4.5  5.17  3.00  4.75  2.6  3.2  4.0  3.00  5.0  5.0  4.0  4.6\n",
       "1  4.5  4.0  4.83  4.67  4.50  5.0  5.2  6.0  6.67  7.0  3.8  5.0  4.6\n",
       "2  7.0  3.5  6.17  6.33  6.75  3.4  6.8  7.0  6.33  7.0  6.6  7.0  6.4\n",
       "3  5.5  5.5  6.17  4.67  5.50  4.0  5.2  6.5  4.67  7.0  5.0  6.0  5.8\n",
       "4  6.0  7.0  7.00  5.00  7.00  3.8  4.6  7.0  6.33  7.0  6.4  5.0  7.0"
      ]
     },
     "execution_count": 4,
     "metadata": {},
     "output_type": "execute_result"
    }
   ],
   "source": [
    "df = pd.read_csv(\"questionario_escalas.csv\", delimiter=\";\")\n",
    "df.head()"
   ]
  },
  {
   "cell_type": "code",
   "execution_count": 5,
   "metadata": {},
   "outputs": [
    {
     "name": "stdout",
     "output_type": "stream",
     "text": [
      "<class 'pandas.core.frame.DataFrame'>\n",
      "RangeIndex: 43 entries, 0 to 42\n",
      "Data columns (total 13 columns):\n",
      " #   Column  Non-Null Count  Dtype  \n",
      "---  ------  --------------  -----  \n",
      " 0   OMI     43 non-null     float64\n",
      " 1   OME     43 non-null     float64\n",
      " 2   VAT     43 non-null     float64\n",
      " 3   CAP     43 non-null     float64\n",
      " 4   AEA     43 non-null     float64\n",
      " 5   ATE     43 non-null     float64\n",
      " 6   MRE     43 non-null     float64\n",
      " 7   ELA     43 non-null     float64\n",
      " 8   ORG     43 non-null     float64\n",
      " 9   PCR     43 non-null     float64\n",
      " 10  ARE     43 non-null     float64\n",
      " 11  TAE     43 non-null     float64\n",
      " 12  RES     43 non-null     float64\n",
      "dtypes: float64(13)\n",
      "memory usage: 4.5 KB\n"
     ]
    }
   ],
   "source": [
    "df.info()"
   ]
  },
  {
   "cell_type": "code",
   "execution_count": 6,
   "metadata": {},
   "outputs": [
    {
     "data": {
      "text/html": [
       "<div>\n",
       "<style scoped>\n",
       "    .dataframe tbody tr th:only-of-type {\n",
       "        vertical-align: middle;\n",
       "    }\n",
       "\n",
       "    .dataframe tbody tr th {\n",
       "        vertical-align: top;\n",
       "    }\n",
       "\n",
       "    .dataframe thead th {\n",
       "        text-align: right;\n",
       "    }\n",
       "</style>\n",
       "<table border=\"1\" class=\"dataframe\">\n",
       "  <thead>\n",
       "    <tr style=\"text-align: right;\">\n",
       "      <th></th>\n",
       "      <th>OMI</th>\n",
       "      <th>OME</th>\n",
       "      <th>VAT</th>\n",
       "      <th>CAP</th>\n",
       "      <th>AEA</th>\n",
       "      <th>ATE</th>\n",
       "      <th>MRE</th>\n",
       "      <th>ELA</th>\n",
       "      <th>ORG</th>\n",
       "      <th>PCR</th>\n",
       "      <th>ARE</th>\n",
       "      <th>TAE</th>\n",
       "      <th>RES</th>\n",
       "    </tr>\n",
       "  </thead>\n",
       "  <tbody>\n",
       "    <tr>\n",
       "      <th>count</th>\n",
       "      <td>43.000000</td>\n",
       "      <td>43.000000</td>\n",
       "      <td>43.000000</td>\n",
       "      <td>43.00000</td>\n",
       "      <td>43.000000</td>\n",
       "      <td>43.000000</td>\n",
       "      <td>43.000000</td>\n",
       "      <td>43.000000</td>\n",
       "      <td>43.000000</td>\n",
       "      <td>43.000000</td>\n",
       "      <td>43.000000</td>\n",
       "      <td>43.000000</td>\n",
       "      <td>43.000000</td>\n",
       "    </tr>\n",
       "    <tr>\n",
       "      <th>mean</th>\n",
       "      <td>5.790698</td>\n",
       "      <td>4.988372</td>\n",
       "      <td>6.279535</td>\n",
       "      <td>4.69000</td>\n",
       "      <td>6.162791</td>\n",
       "      <td>4.116279</td>\n",
       "      <td>5.144186</td>\n",
       "      <td>6.290698</td>\n",
       "      <td>5.279070</td>\n",
       "      <td>6.023256</td>\n",
       "      <td>5.283721</td>\n",
       "      <td>4.860465</td>\n",
       "      <td>5.697674</td>\n",
       "    </tr>\n",
       "    <tr>\n",
       "      <th>std</th>\n",
       "      <td>1.092357</td>\n",
       "      <td>1.347345</td>\n",
       "      <td>0.743246</td>\n",
       "      <td>1.27741</td>\n",
       "      <td>0.876077</td>\n",
       "      <td>1.176138</td>\n",
       "      <td>1.280867</td>\n",
       "      <td>0.901273</td>\n",
       "      <td>1.168212</td>\n",
       "      <td>1.422412</td>\n",
       "      <td>1.052193</td>\n",
       "      <td>2.030498</td>\n",
       "      <td>0.948555</td>\n",
       "    </tr>\n",
       "    <tr>\n",
       "      <th>min</th>\n",
       "      <td>2.500000</td>\n",
       "      <td>1.000000</td>\n",
       "      <td>4.670000</td>\n",
       "      <td>1.00000</td>\n",
       "      <td>3.750000</td>\n",
       "      <td>1.600000</td>\n",
       "      <td>2.800000</td>\n",
       "      <td>4.000000</td>\n",
       "      <td>2.670000</td>\n",
       "      <td>2.000000</td>\n",
       "      <td>2.200000</td>\n",
       "      <td>1.000000</td>\n",
       "      <td>3.200000</td>\n",
       "    </tr>\n",
       "    <tr>\n",
       "      <th>25%</th>\n",
       "      <td>5.000000</td>\n",
       "      <td>4.000000</td>\n",
       "      <td>5.830000</td>\n",
       "      <td>4.33000</td>\n",
       "      <td>5.625000</td>\n",
       "      <td>3.000000</td>\n",
       "      <td>4.100000</td>\n",
       "      <td>6.000000</td>\n",
       "      <td>4.670000</td>\n",
       "      <td>5.500000</td>\n",
       "      <td>4.600000</td>\n",
       "      <td>4.000000</td>\n",
       "      <td>5.100000</td>\n",
       "    </tr>\n",
       "    <tr>\n",
       "      <th>50%</th>\n",
       "      <td>6.000000</td>\n",
       "      <td>5.500000</td>\n",
       "      <td>6.500000</td>\n",
       "      <td>5.00000</td>\n",
       "      <td>6.500000</td>\n",
       "      <td>4.200000</td>\n",
       "      <td>5.200000</td>\n",
       "      <td>6.500000</td>\n",
       "      <td>5.330000</td>\n",
       "      <td>7.000000</td>\n",
       "      <td>5.400000</td>\n",
       "      <td>6.000000</td>\n",
       "      <td>5.800000</td>\n",
       "    </tr>\n",
       "    <tr>\n",
       "      <th>75%</th>\n",
       "      <td>6.500000</td>\n",
       "      <td>5.750000</td>\n",
       "      <td>7.000000</td>\n",
       "      <td>5.50000</td>\n",
       "      <td>6.875000</td>\n",
       "      <td>5.000000</td>\n",
       "      <td>6.100000</td>\n",
       "      <td>7.000000</td>\n",
       "      <td>6.000000</td>\n",
       "      <td>7.000000</td>\n",
       "      <td>6.100000</td>\n",
       "      <td>6.500000</td>\n",
       "      <td>6.600000</td>\n",
       "    </tr>\n",
       "    <tr>\n",
       "      <th>max</th>\n",
       "      <td>7.000000</td>\n",
       "      <td>7.000000</td>\n",
       "      <td>7.000000</td>\n",
       "      <td>7.00000</td>\n",
       "      <td>7.000000</td>\n",
       "      <td>6.000000</td>\n",
       "      <td>7.000000</td>\n",
       "      <td>7.000000</td>\n",
       "      <td>7.000000</td>\n",
       "      <td>7.000000</td>\n",
       "      <td>7.000000</td>\n",
       "      <td>7.000000</td>\n",
       "      <td>7.000000</td>\n",
       "    </tr>\n",
       "  </tbody>\n",
       "</table>\n",
       "</div>"
      ],
      "text/plain": [
       "             OMI        OME        VAT       CAP        AEA        ATE  \\\n",
       "count  43.000000  43.000000  43.000000  43.00000  43.000000  43.000000   \n",
       "mean    5.790698   4.988372   6.279535   4.69000   6.162791   4.116279   \n",
       "std     1.092357   1.347345   0.743246   1.27741   0.876077   1.176138   \n",
       "min     2.500000   1.000000   4.670000   1.00000   3.750000   1.600000   \n",
       "25%     5.000000   4.000000   5.830000   4.33000   5.625000   3.000000   \n",
       "50%     6.000000   5.500000   6.500000   5.00000   6.500000   4.200000   \n",
       "75%     6.500000   5.750000   7.000000   5.50000   6.875000   5.000000   \n",
       "max     7.000000   7.000000   7.000000   7.00000   7.000000   6.000000   \n",
       "\n",
       "             MRE        ELA        ORG        PCR        ARE        TAE  \\\n",
       "count  43.000000  43.000000  43.000000  43.000000  43.000000  43.000000   \n",
       "mean    5.144186   6.290698   5.279070   6.023256   5.283721   4.860465   \n",
       "std     1.280867   0.901273   1.168212   1.422412   1.052193   2.030498   \n",
       "min     2.800000   4.000000   2.670000   2.000000   2.200000   1.000000   \n",
       "25%     4.100000   6.000000   4.670000   5.500000   4.600000   4.000000   \n",
       "50%     5.200000   6.500000   5.330000   7.000000   5.400000   6.000000   \n",
       "75%     6.100000   7.000000   6.000000   7.000000   6.100000   6.500000   \n",
       "max     7.000000   7.000000   7.000000   7.000000   7.000000   7.000000   \n",
       "\n",
       "             RES  \n",
       "count  43.000000  \n",
       "mean    5.697674  \n",
       "std     0.948555  \n",
       "min     3.200000  \n",
       "25%     5.100000  \n",
       "50%     5.800000  \n",
       "75%     6.600000  \n",
       "max     7.000000  "
      ]
     },
     "execution_count": 6,
     "metadata": {},
     "output_type": "execute_result"
    }
   ],
   "source": [
    "df.describe()"
   ]
  },
  {
   "cell_type": "code",
   "execution_count": 7,
   "metadata": {},
   "outputs": [
    {
     "data": {
      "text/plain": [
       "Index(['OMI', 'OME', 'VAT', 'CAP', 'AEA', 'ATE', 'MRE', 'ELA', 'ORG', 'PCR',\n",
       "       'ARE', 'TAE', 'RES'],\n",
       "      dtype='object')"
      ]
     },
     "execution_count": 7,
     "metadata": {},
     "output_type": "execute_result"
    }
   ],
   "source": [
    "df.columns"
   ]
  },
  {
   "cell_type": "code",
   "execution_count": 8,
   "metadata": {},
   "outputs": [
    {
     "data": {
      "text/html": [
       "<div>\n",
       "<style scoped>\n",
       "    .dataframe tbody tr th:only-of-type {\n",
       "        vertical-align: middle;\n",
       "    }\n",
       "\n",
       "    .dataframe tbody tr th {\n",
       "        vertical-align: top;\n",
       "    }\n",
       "\n",
       "    .dataframe thead th {\n",
       "        text-align: right;\n",
       "    }\n",
       "</style>\n",
       "<table border=\"1\" class=\"dataframe\">\n",
       "  <thead>\n",
       "    <tr style=\"text-align: right;\">\n",
       "      <th></th>\n",
       "      <th>OMI</th>\n",
       "      <th>OME</th>\n",
       "      <th>VAT</th>\n",
       "      <th>CAP</th>\n",
       "      <th>AEA</th>\n",
       "      <th>ATE</th>\n",
       "      <th>MRE</th>\n",
       "      <th>ELA</th>\n",
       "      <th>ORG</th>\n",
       "      <th>PCR</th>\n",
       "      <th>ARE</th>\n",
       "      <th>TAE</th>\n",
       "      <th>RES</th>\n",
       "    </tr>\n",
       "  </thead>\n",
       "  <tbody>\n",
       "    <tr>\n",
       "      <th>OMI</th>\n",
       "      <td>1.000000</td>\n",
       "      <td>0.515982</td>\n",
       "      <td>0.532585</td>\n",
       "      <td>0.441420</td>\n",
       "      <td>0.534044</td>\n",
       "      <td>0.067578</td>\n",
       "      <td>0.285845</td>\n",
       "      <td>0.129779</td>\n",
       "      <td>0.304435</td>\n",
       "      <td>0.409282</td>\n",
       "      <td>0.392627</td>\n",
       "      <td>0.308556</td>\n",
       "      <td>0.447602</td>\n",
       "    </tr>\n",
       "    <tr>\n",
       "      <th>OME</th>\n",
       "      <td>0.515982</td>\n",
       "      <td>1.000000</td>\n",
       "      <td>0.602836</td>\n",
       "      <td>0.666720</td>\n",
       "      <td>0.521048</td>\n",
       "      <td>0.137601</td>\n",
       "      <td>0.224497</td>\n",
       "      <td>0.213627</td>\n",
       "      <td>0.145590</td>\n",
       "      <td>0.174075</td>\n",
       "      <td>0.319806</td>\n",
       "      <td>0.173453</td>\n",
       "      <td>0.211427</td>\n",
       "    </tr>\n",
       "    <tr>\n",
       "      <th>VAT</th>\n",
       "      <td>0.532585</td>\n",
       "      <td>0.602836</td>\n",
       "      <td>1.000000</td>\n",
       "      <td>0.562300</td>\n",
       "      <td>0.838483</td>\n",
       "      <td>0.120015</td>\n",
       "      <td>0.296691</td>\n",
       "      <td>0.548645</td>\n",
       "      <td>0.224129</td>\n",
       "      <td>0.319813</td>\n",
       "      <td>0.585579</td>\n",
       "      <td>0.239446</td>\n",
       "      <td>0.531501</td>\n",
       "    </tr>\n",
       "    <tr>\n",
       "      <th>CAP</th>\n",
       "      <td>0.441420</td>\n",
       "      <td>0.666720</td>\n",
       "      <td>0.562300</td>\n",
       "      <td>1.000000</td>\n",
       "      <td>0.578000</td>\n",
       "      <td>0.157588</td>\n",
       "      <td>0.385506</td>\n",
       "      <td>0.310830</td>\n",
       "      <td>0.167244</td>\n",
       "      <td>0.169824</td>\n",
       "      <td>0.336962</td>\n",
       "      <td>0.294753</td>\n",
       "      <td>0.265115</td>\n",
       "    </tr>\n",
       "    <tr>\n",
       "      <th>AEA</th>\n",
       "      <td>0.534044</td>\n",
       "      <td>0.521048</td>\n",
       "      <td>0.838483</td>\n",
       "      <td>0.578000</td>\n",
       "      <td>1.000000</td>\n",
       "      <td>-0.004944</td>\n",
       "      <td>0.241688</td>\n",
       "      <td>0.500267</td>\n",
       "      <td>0.281880</td>\n",
       "      <td>0.364691</td>\n",
       "      <td>0.474329</td>\n",
       "      <td>0.290804</td>\n",
       "      <td>0.605011</td>\n",
       "    </tr>\n",
       "    <tr>\n",
       "      <th>ATE</th>\n",
       "      <td>0.067578</td>\n",
       "      <td>0.137601</td>\n",
       "      <td>0.120015</td>\n",
       "      <td>0.157588</td>\n",
       "      <td>-0.004944</td>\n",
       "      <td>1.000000</td>\n",
       "      <td>0.329357</td>\n",
       "      <td>0.286304</td>\n",
       "      <td>0.380415</td>\n",
       "      <td>0.300064</td>\n",
       "      <td>0.125854</td>\n",
       "      <td>0.170462</td>\n",
       "      <td>-0.006154</td>\n",
       "    </tr>\n",
       "    <tr>\n",
       "      <th>MRE</th>\n",
       "      <td>0.285845</td>\n",
       "      <td>0.224497</td>\n",
       "      <td>0.296691</td>\n",
       "      <td>0.385506</td>\n",
       "      <td>0.241688</td>\n",
       "      <td>0.329357</td>\n",
       "      <td>1.000000</td>\n",
       "      <td>0.373262</td>\n",
       "      <td>0.212390</td>\n",
       "      <td>0.387553</td>\n",
       "      <td>0.522946</td>\n",
       "      <td>0.789731</td>\n",
       "      <td>0.380068</td>\n",
       "    </tr>\n",
       "    <tr>\n",
       "      <th>ELA</th>\n",
       "      <td>0.129779</td>\n",
       "      <td>0.213627</td>\n",
       "      <td>0.548645</td>\n",
       "      <td>0.310830</td>\n",
       "      <td>0.500267</td>\n",
       "      <td>0.286304</td>\n",
       "      <td>0.373262</td>\n",
       "      <td>1.000000</td>\n",
       "      <td>0.546612</td>\n",
       "      <td>0.496057</td>\n",
       "      <td>0.445741</td>\n",
       "      <td>0.204839</td>\n",
       "      <td>0.525790</td>\n",
       "    </tr>\n",
       "    <tr>\n",
       "      <th>ORG</th>\n",
       "      <td>0.304435</td>\n",
       "      <td>0.145590</td>\n",
       "      <td>0.224129</td>\n",
       "      <td>0.167244</td>\n",
       "      <td>0.281880</td>\n",
       "      <td>0.380415</td>\n",
       "      <td>0.212390</td>\n",
       "      <td>0.546612</td>\n",
       "      <td>1.000000</td>\n",
       "      <td>0.588346</td>\n",
       "      <td>0.118262</td>\n",
       "      <td>0.194070</td>\n",
       "      <td>0.248082</td>\n",
       "    </tr>\n",
       "    <tr>\n",
       "      <th>PCR</th>\n",
       "      <td>0.409282</td>\n",
       "      <td>0.174075</td>\n",
       "      <td>0.319813</td>\n",
       "      <td>0.169824</td>\n",
       "      <td>0.364691</td>\n",
       "      <td>0.300064</td>\n",
       "      <td>0.387553</td>\n",
       "      <td>0.496057</td>\n",
       "      <td>0.588346</td>\n",
       "      <td>1.000000</td>\n",
       "      <td>0.348656</td>\n",
       "      <td>0.413336</td>\n",
       "      <td>0.502971</td>\n",
       "    </tr>\n",
       "    <tr>\n",
       "      <th>ARE</th>\n",
       "      <td>0.392627</td>\n",
       "      <td>0.319806</td>\n",
       "      <td>0.585579</td>\n",
       "      <td>0.336962</td>\n",
       "      <td>0.474329</td>\n",
       "      <td>0.125854</td>\n",
       "      <td>0.522946</td>\n",
       "      <td>0.445741</td>\n",
       "      <td>0.118262</td>\n",
       "      <td>0.348656</td>\n",
       "      <td>1.000000</td>\n",
       "      <td>0.388962</td>\n",
       "      <td>0.663389</td>\n",
       "    </tr>\n",
       "    <tr>\n",
       "      <th>TAE</th>\n",
       "      <td>0.308556</td>\n",
       "      <td>0.173453</td>\n",
       "      <td>0.239446</td>\n",
       "      <td>0.294753</td>\n",
       "      <td>0.290804</td>\n",
       "      <td>0.170462</td>\n",
       "      <td>0.789731</td>\n",
       "      <td>0.204839</td>\n",
       "      <td>0.194070</td>\n",
       "      <td>0.413336</td>\n",
       "      <td>0.388962</td>\n",
       "      <td>1.000000</td>\n",
       "      <td>0.526445</td>\n",
       "    </tr>\n",
       "    <tr>\n",
       "      <th>RES</th>\n",
       "      <td>0.447602</td>\n",
       "      <td>0.211427</td>\n",
       "      <td>0.531501</td>\n",
       "      <td>0.265115</td>\n",
       "      <td>0.605011</td>\n",
       "      <td>-0.006154</td>\n",
       "      <td>0.380068</td>\n",
       "      <td>0.525790</td>\n",
       "      <td>0.248082</td>\n",
       "      <td>0.502971</td>\n",
       "      <td>0.663389</td>\n",
       "      <td>0.526445</td>\n",
       "      <td>1.000000</td>\n",
       "    </tr>\n",
       "  </tbody>\n",
       "</table>\n",
       "</div>"
      ],
      "text/plain": [
       "          OMI       OME       VAT       CAP       AEA       ATE       MRE  \\\n",
       "OMI  1.000000  0.515982  0.532585  0.441420  0.534044  0.067578  0.285845   \n",
       "OME  0.515982  1.000000  0.602836  0.666720  0.521048  0.137601  0.224497   \n",
       "VAT  0.532585  0.602836  1.000000  0.562300  0.838483  0.120015  0.296691   \n",
       "CAP  0.441420  0.666720  0.562300  1.000000  0.578000  0.157588  0.385506   \n",
       "AEA  0.534044  0.521048  0.838483  0.578000  1.000000 -0.004944  0.241688   \n",
       "ATE  0.067578  0.137601  0.120015  0.157588 -0.004944  1.000000  0.329357   \n",
       "MRE  0.285845  0.224497  0.296691  0.385506  0.241688  0.329357  1.000000   \n",
       "ELA  0.129779  0.213627  0.548645  0.310830  0.500267  0.286304  0.373262   \n",
       "ORG  0.304435  0.145590  0.224129  0.167244  0.281880  0.380415  0.212390   \n",
       "PCR  0.409282  0.174075  0.319813  0.169824  0.364691  0.300064  0.387553   \n",
       "ARE  0.392627  0.319806  0.585579  0.336962  0.474329  0.125854  0.522946   \n",
       "TAE  0.308556  0.173453  0.239446  0.294753  0.290804  0.170462  0.789731   \n",
       "RES  0.447602  0.211427  0.531501  0.265115  0.605011 -0.006154  0.380068   \n",
       "\n",
       "          ELA       ORG       PCR       ARE       TAE       RES  \n",
       "OMI  0.129779  0.304435  0.409282  0.392627  0.308556  0.447602  \n",
       "OME  0.213627  0.145590  0.174075  0.319806  0.173453  0.211427  \n",
       "VAT  0.548645  0.224129  0.319813  0.585579  0.239446  0.531501  \n",
       "CAP  0.310830  0.167244  0.169824  0.336962  0.294753  0.265115  \n",
       "AEA  0.500267  0.281880  0.364691  0.474329  0.290804  0.605011  \n",
       "ATE  0.286304  0.380415  0.300064  0.125854  0.170462 -0.006154  \n",
       "MRE  0.373262  0.212390  0.387553  0.522946  0.789731  0.380068  \n",
       "ELA  1.000000  0.546612  0.496057  0.445741  0.204839  0.525790  \n",
       "ORG  0.546612  1.000000  0.588346  0.118262  0.194070  0.248082  \n",
       "PCR  0.496057  0.588346  1.000000  0.348656  0.413336  0.502971  \n",
       "ARE  0.445741  0.118262  0.348656  1.000000  0.388962  0.663389  \n",
       "TAE  0.204839  0.194070  0.413336  0.388962  1.000000  0.526445  \n",
       "RES  0.525790  0.248082  0.502971  0.663389  0.526445  1.000000  "
      ]
     },
     "execution_count": 8,
     "metadata": {},
     "output_type": "execute_result"
    }
   ],
   "source": [
    "df.corr()"
   ]
  },
  {
   "cell_type": "code",
   "execution_count": 10,
   "metadata": {},
   "outputs": [
    {
     "data": {
      "text/html": [
       "<div>\n",
       "<style scoped>\n",
       "    .dataframe tbody tr th:only-of-type {\n",
       "        vertical-align: middle;\n",
       "    }\n",
       "\n",
       "    .dataframe tbody tr th {\n",
       "        vertical-align: top;\n",
       "    }\n",
       "\n",
       "    .dataframe thead th {\n",
       "        text-align: right;\n",
       "    }\n",
       "</style>\n",
       "<table border=\"1\" class=\"dataframe\">\n",
       "  <thead>\n",
       "    <tr style=\"text-align: right;\">\n",
       "      <th></th>\n",
       "      <th>AEA</th>\n",
       "      <th>VAT</th>\n",
       "      <th>TAE</th>\n",
       "      <th>MRE</th>\n",
       "    </tr>\n",
       "  </thead>\n",
       "  <tbody>\n",
       "    <tr>\n",
       "      <th>AEA</th>\n",
       "      <td>1.000000</td>\n",
       "      <td>0.838483</td>\n",
       "      <td>0.290804</td>\n",
       "      <td>0.241688</td>\n",
       "    </tr>\n",
       "    <tr>\n",
       "      <th>VAT</th>\n",
       "      <td>0.838483</td>\n",
       "      <td>1.000000</td>\n",
       "      <td>0.239446</td>\n",
       "      <td>0.296691</td>\n",
       "    </tr>\n",
       "    <tr>\n",
       "      <th>TAE</th>\n",
       "      <td>0.290804</td>\n",
       "      <td>0.239446</td>\n",
       "      <td>1.000000</td>\n",
       "      <td>0.789731</td>\n",
       "    </tr>\n",
       "    <tr>\n",
       "      <th>MRE</th>\n",
       "      <td>0.241688</td>\n",
       "      <td>0.296691</td>\n",
       "      <td>0.789731</td>\n",
       "      <td>1.000000</td>\n",
       "    </tr>\n",
       "  </tbody>\n",
       "</table>\n",
       "</div>"
      ],
      "text/plain": [
       "          AEA       VAT       TAE       MRE\n",
       "AEA  1.000000  0.838483  0.290804  0.241688\n",
       "VAT  0.838483  1.000000  0.239446  0.296691\n",
       "TAE  0.290804  0.239446  1.000000  0.789731\n",
       "MRE  0.241688  0.296691  0.789731  1.000000"
      ]
     },
     "execution_count": 10,
     "metadata": {},
     "output_type": "execute_result"
    }
   ],
   "source": [
    "colunas = ['AEA','VAT', 'TAE', 'MRE']\n",
    "correlacao = df[colunas].corr()\n",
    "correlacao\n",
    "#correlacao_filtrada = correlacao[(correlacao >= 0.5) | (correlacao <= -0.5)]\n",
    "#correlacao_filtrada"
   ]
  },
  {
   "cell_type": "code",
   "execution_count": 11,
   "metadata": {},
   "outputs": [
    {
     "data": {
